22.2586002
22.2586613
22.2584782
22.2587833
22.2586613
22.2586308
22.2587223
22.2587223
22.2587223
22.2589664
22.2589664
22.2587528
22.259058
22.2588444
22.2590275
22.2591496
22.2588139
22.2588444
22.259058
22.2592106
22.2590275
22.2590275
22.2589359
22.2593632
22.259058
22.259058
22.2588444
22.2591496
22.2593021
22.2589664
22.2591801
22.2594547
22.2594547
22.2591801
22.2593632
22.2592106
22.2595768
22.2591801
22.2596378
22.2594852
22.2593937
22.2593327
22.2592716
22.2594852
22.2596378
22.2596073
22.2596989
22.2596073
22.2595158
22.2596989
22.2596989
22.2594852
22.2596989
22.2599125
22.2596989
22.2597294
22.2595768
22.2596073
22.2598209
22.2598209
22.2596073
22.2598209
22.2596073
22.2596073
22.2600956
22.2598209
22.2597294
22.2597294
22.2598209
22.2598209
22.2598209
22.259943
22.2598209
22.2596989
22.259943
22.2600346
22.2598515
22.2600346
22.2600956
22.2598209
22.259943
22.259943
22.2599735
22.2599735
22.2598209
22.259943
22.2598515
22.2600651
22.2601566
22.2602177
22.2600346
22.2599735
22.2601871
22.2602787
22.2600651
22.2602177
22.2601871
22.2601566
22.2602482
22.2604008
22.2600346
22.2602787
22.2599735
22.2602787
22.2602177
22.2600346
22.2600346
22.2603397
22.2604008
22.2602787
22.2602787
22.2604008
22.2604008
22.2600956
22.2603703
22.2604008
22.2602482
22.2604923
22.2602787
22.2604008
22.2603703
22.2602787
22.2607059
22.2601871
22.2604923
22.2603397
22.2605228
22.2603703
22.2604008
22.2604618
22.2603703
22.2605228
22.2605839
22.2606144
22.2603703
22.2602787
22.2604008
22.2602787
22.2605228
22.2604618
22.2603397
22.2606144
22.2607059
22.2606449
22.2603397
22.2605839
22.2604923
22.2604618
22.2602482
22.2606449
22.2606144
22.2605839
22.2605839
22.2603397
22.2606144
22.2604618
22.2607975
22.2605228
22.2606144
22.2604923
22.2603703
22.2604923
22.2604618
22.2604618
22.2604008
22.2604618
22.2606449
22.2607059
22.2606449
22.2605228
22.2605228
22.2607975
22.260767
22.2605839
22.2604008
22.2605839
22.2604618
22.2605839
22.2604923
22.2603703
22.2603703
22.2605839
22.2606449
22.2605839
22.2607059
22.2607059
22.2605228
22.2605839
22.2603397
22.2604923
22.2606144
22.2604008
22.2604008
22.2606449
22.2604008
22.2607059
22.2604008
22.2605228
22.2604923
22.2604008
22.2603397
22.2603703
22.2604618
22.2604008
22.2607059
22.2602482
22.2604008
22.2603703
22.2604008
22.2602787
22.2604008
22.2603397
22.2604008
22.2603703
22.2605839
22.2603397
22.2602787
22.2602787
22.2604618
22.2602787
22.2603703
22.2603703
22.2602787
22.2602787
22.2602787
22.2602482
22.2600956
22.2602177
22.2600346
22.2600956
22.2600651
22.2600651
22.2599735
22.2601566
22.2598515
22.2600956
22.2601566
22.2601871
22.2601871
22.2601871
22.2602482
22.2599735
22.2600346
22.2601566
22.2600956
22.2602177
22.2601566
22.2601566
22.2598209
22.2600651
22.2600346
22.2602177
22.2599125
22.2599735
22.2599735
22.2601871
22.2602482
22.2601871
22.2598209
22.2598209
22.2599125
22.2599735
22.2598209
22.2598515
22.2596989
22.2596073
22.2596378
22.2596989
22.2598515
22.2593937
22.2597599
22.2597599
22.2598209
22.2596378
22.2596989
22.2595768
22.2596378
22.2593632
22.2596378
22.2597599
22.2596378
22.2597599
22.2592716
22.2595768
22.2593632
22.2598515
22.2597294
22.2593021
22.2594547
22.2595768
22.2594852
22.2596378
22.2594852
22.2594852
22.2596989
22.2597294
22.2595158
22.2594547
22.2593937
22.2595768
22.2594852
22.2595158
22.2597294
22.2593021
22.2595768
22.2595768
22.2593327
22.2591801
22.2593937
22.2593937
22.2594852
22.2593632
22.2593937
22.2590885
22.259058
22.2593021
22.2593021
22.2593937
22.2594547
22.2591496
22.2593937
22.2593327
22.2590275
22.2590885
22.2591496
22.2593327
22.259058
22.2592716
22.2591801
22.2593021
22.2591801
22.2593021
22.2590885
22.259058
22.2589664
22.2591496
22.2590885
22.2588139
22.2588139
22.2591801
22.259058
22.259058
22.2586308
22.2587528
22.2590275
22.2587223
22.2587833
22.2586613
22.2588444
22.2587223
22.2587833
22.2588444
22.2589054
22.2587833
22.2587223
22.2587528
22.2587833
22.2587223
22.2586002
22.2585087
22.2587528
22.2585392
22.2584171
22.2585392
22.2586308
22.2586002
22.2586613
22.2584782
22.2586002
22.2586613
22.2583561
22.2583866
22.258234
22.258234
22.2584171
22.2584782
22.2585392
22.2580509
22.2585392
22.2580509
22.258173
22.258112
22.2582035
22.258234
22.2579594
22.2578678
22.2582951
22.2579899
22.2582035
22.2579594
22.258234
22.2578373
22.2578068
22.2580509
22.258112
22.2579594
22.2578678
22.2578068
22.2578678
22.2575626
22.2579594
22.2577763
22.2577763
22.2578068
22.2578678
22.2578068
22.2576237
22.2575016
22.2577457
22.2575626
22.2576542
22.2573795
22.2576542
22.2575321
22.2576542
22.2576542
22.2573795
22.2572269
22.2576237
22.2575321
22.25741
22.2575016
22.2576237
22.257288
22.2572575
22.2571354
22.2572575
22.2570133
22.2572269
22.2568607
22.2571354
22.2571049
22.2568913
22.2568913
22.2571049
22.2569828
22.2570744
22.257288
22.2568302
22.2567081
22.2570133
22.2570744
22.2568913
22.2568913
22.2568913
22.2569828
22.2571354
22.2567692
22.2569828
22.2566776
22.2568302
22.2566471
22.2565861
22.2569523
22.2567081
22.2566471
22.2565556
22.2567692
22.2566471
22.2565861
22.256525
22.256464
22.2564335
22.2563419
22.256403
22.2564335
22.256525
22.256464
22.2565556
22.2563419
22.2562809
22.2561588
22.2563419
22.2563419
22.2561283
22.2561588
22.2563419
22.2563419
22.2561588
22.2562504
22.2558231
22.2562504
22.2562199
22.2562809
22.2559147
22.2561588
22.2558231
22.2560368
22.2560368
22.2559147
22.2558842
22.2558231
22.2557926
22.2558842
22.2560978
22.2560062
22.2560062
22.2557926
22.2557926
22.2556095
22.2554264
22.2558842
22.2554264
22.2554264
22.2553654
22.255579
22.2553349
22.2553043
22.2554264
22.2552433
22.2554264
22.2553043
22.2553654
22.2550602
22.2553043
22.2551212
22.2549992
22.2550297
22.2551212
22.2548771
22.2550297
22.2546024
22.2548161
22.2549381
22.2550297
22.2548161
22.2546024
22.2547245
22.254755
22.2549076
22.2546329
22.2545719
22.2545109
22.2543278
22.2543278
22.2541752
22.2542973
22.2542057
22.2543583
22.2539616
22.2543278
22.2540531
22.2540836
22.2539616
22.2541447
22.253809
22.2536564
22.253809
22.2537174
22.2537174
22.2533207
22.2536564
22.2534122
22.2537174
22.2533817
22.2535038
22.2532902
22.2534122
22.2532291
22.2531681
22.2532291
22.2532291
22.2531986
22.2534122
22.2531071
22.2527714
22.2529545
22.2527714
22.253046
22.2528324
22.2525578
22.2528629
22.2528324
22.2526798
22.2525272
22.2524967
22.2524052
22.2526493
22.2524967
22.2523441
22.2524967
22.2524052
22.2523136
22.2524357
22.2523136
22.2523441
22.252161
22.252039
22.252161
22.2519474
22.252161
22.2519779
22.252039
22.2517643
22.2519779
22.2518559
22.2515507
22.2517338
22.2516727
22.2517948
22.2515202
22.2515202
22.2515507
22.2513371
22.2513981
22.2513371
22.2513065
22.2514286
22.2514896
22.2513371
22.2511845
22.2513371
22.2511234
22.2509403
22.2510624
22.2508183
22.2511234
22.2509098
22.2506351
22.2510624
22.2508793
22.2509708
22.2505741
22.2508183
22.2506657
22.2505131
22.2505741
22.2506962
22.2506351
22.2506351
22.2505436
22.2504215
22.2505741
22.2504215
22.2501163
22.2504215
22.250452
22.2502384
22.2503605
22.25033
22.2503605
22.2502689
22.2501163
22.2500858
22.2502079
22.2499943
22.2499638
22.2499943
22.2499638
22.2498417
22.2498112
22.2499638
22.249567
22.2498112
22.2499638
22.2498417
22.249567
22.249567
22.2497807
22.2496586
22.249445
22.2495365
22.249445
22.2494144
22.249445
22.2492924
22.2495975
22.249445
22.249445
22.2495975
22.2492313
22.2492313
22.2492619
22.2493839
22.2496586
22.2494755
22.2492619
22.2490482
22.2491703
22.2489872
22.2492619
22.2489872
22.2491093
22.2490177
22.2489567
22.2488041
22.2487125
22.2489262
22.2489567
22.2489567
22.2487125
22.2489872
22.2489872
22.248621
22.2487125
22.2487125
22.2487431
22.2484989
22.2488651
22.2487431
22.2488651
22.24856
22.2482548
22.24856
22.2488651
22.2484379
22.2487125
22.24856
22.2484989
22.2484379
22.2484379
22.2482548
22.2484379
22.2484684
22.2484989
22.2483158
22.2483158
22.2484684
22.2483768
22.2481632
22.2484074
22.2480106
22.2482548
22.2483158
22.2481327
22.2481327
22.2480106
22.2479496
22.2481327
22.2480717
22.2479496
22.2481327
22.2477665
22.2479496
22.2476444
22.2475224
22.2477665
22.2479496
22.247736
22.2478886
22.2477055
22.2477055
22.2475834
22.247736
22.2477055
22.2477055
22.247736
22.2474308
22.2474918
22.2475834
22.2474308
22.2475834
22.2472782
22.2474918
22.2477055
22.2477665
22.2477055
22.2474918
22.2476444
22.2476139
22.2474918
22.2476139
22.2472782
22.2473392
22.2474308
22.2474308
22.2475224
22.2473392
22.2471561
22.2473087
22.246973
22.2471561
22.2474308
22.2472782
22.2471867
22.2470951
22.2470341
22.2474003
22.2473392
22.2474003
22.246973
22.2470646
22.2470951
22.246973
22.2470646
22.2470951
22.2471561
22.2469425
22.2470951
22.2469425
22.2473087
22.246912
22.246973
22.246851
22.2471867
22.2469425
22.2467594
22.246851
22.2467899
22.2468815
22.2467899
22.246912
22.2468815
22.2467289
22.2466068
22.2465458
22.246912
22.2465458
22.2467594
22.2467289
22.2467289
22.2464848
22.2467594
22.2465458
22.2467899
22.2465458
22.2465153
22.2465153
22.2464848
22.2463322
22.2464237
22.2463322
22.2464848
22.2462101
22.2466373
22.2465153
22.2461185
22.2462101
22.2464542
22.2463627
22.2462101
22.2464237
22.2462406
22.2461796
22.2464848
22.2460575
22.246088
22.2461796
22.2461796
22.2459965
22.2462406
22.246088
22.246088
22.2459965
22.246088
22.2463017
22.2459965
22.2459049
22.2459354
22.2459049
22.2456913
22.2459049
22.2458744
22.2459965
22.2459965
22.2457829
22.2458744
22.2457523
22.2454777
22.2456608
22.2455692
22.2456303
22.2457523
22.2455082
22.2454777
22.2454472
22.2457523
22.2455082
22.2455082
22.2455387
22.2454472
22.2450809
22.2455692
22.2454777
22.2454472
22.2454472
22.2452335
22.2453251
22.2455082
22.2453861
22.2453251
22.2450809
22.2453556
22.2453251
22.2452335
22.2453861
22.2453861
22.2450199
22.2449284
22.2450809
22.2450199
22.2450809
22.245203
22.2448673
22.2448978
22.2453251
22.2448978
22.2451115
22.245203
22.2448978
22.2448978
22.2448063
22.2448673
22.2447453
22.2451115
22.2448978
22.2447758
22.2447758
22.2448978
22.2448063
22.2444706
22.2446842
22.2449284
22.2445011
22.2445621
22.2445621
22.2446232
22.2444706
22.2447758
22.2443485
22.2445621
22.2446232
22.2446232
22.2444706
22.2446537
22.244318
22.2445621
22.2442265
22.2445621
22.2441349
22.2443485
22.244379
22.244379
22.2442265
22.2441959
22.2440128
22.2440434
22.2442265
22.2440739
22.244318
22.2441959
22.2441959
22.244379
22.2441044
22.2440739
22.2439213
22.2439518
22.2439518
22.2440739
22.2438297
22.2440434
22.2438908
22.2437992
22.2437687
22.2437077
22.2439518
22.2436466
22.2438297
22.2437992
22.2439518
22.2436466
22.2436771
22.2436771
22.2437992
22.2437077
22.2438908
22.2437077
22.2440128
22.2436466
22.2435246
22.2437687
22.2435246
22.243494
22.2437992
22.243494
22.243372
22.2434635
22.2434025
22.2436466
22.2435856
22.243494
22.2437077
22.2434635
22.2434025
22.2434635
22.2435856
22.2434635
22.2432194
22.2434635
22.2435246
22.2435246
22.2432499
22.2432804
22.2435246
22.2433414
22.2432499
22.2432499
22.2432194
22.2432804
22.2432499
22.2435856
22.2432499
22.2432194
22.2431278
22.2431583
22.2432804
22.2430973
22.2432194
22.2430973
22.2432194
22.2430363
22.2430973
22.2430668
22.2431583
22.2432804
22.2429752
22.2430363
22.2429142
22.2432804
22.2430668
22.2429142
22.2429447
22.2430668
22.2429447
22.2429142
22.2428226
22.2430973
22.2427921
22.2429142
22.2428226
22.2428226
22.2429142
22.2429142
22.2428226
22.2429447
22.2426701
22.2427921
22.2427311
22.2429752
22.2427921
22.2426701
22.2427311
22.2428226
22.2429447
22.2428532
22.242548
22.2428532
22.2427311
22.242548
22.2428226
22.242609
22.242487
22.2427921
22.2423954
22.2427311
22.2426701
22.242487
22.2423954
22.242487
22.2423649
22.2426395
22.242487
22.2423038
22.2423954
22.2422428
22.2424259
22.242487
22.2421513
22.242548
22.2423038
22.2421818
22.2423038
22.2421513
22.2424259
22.2424259
22.2423038
22.2420597
22.2424259
22.2421818
22.2422428
22.2421207
22.2419682
22.2417545
22.2422733
22.2420597
22.2423649
22.2420597
22.2420902
22.2420902
22.2420902
22.2419376
22.2420597
22.2419376
22.2421818
22.2419682
22.241724
22.2416935
22.2419682
22.2418461
22.2420597
22.2416935
22.2421818
22.2419682
22.2420597
22.2419682
22.2419376
22.2419376
22.241724
22.2418461
22.2418766
22.2419682
22.2419682
22.2419987
22.2416935
22.2419376
22.2416325
22.2419682
22.2420597
22.2418461
22.2415104
22.2418766
22.2416325
22.2416325
22.2418461
22.2418156
22.2416325
22.2415714
22.2416325
22.2416325
22.241724
22.2415409
22.2416325
22.2415409
22.2415409
22.2415714
22.2417545
22.2415714
22.2415104
22.2416325
22.2413273
22.2414188
22.2415104
22.241724
22.2415409
22.2415714
22.2415104
22.2413883
22.2414188
22.2413273
22.2412663
22.2414494
22.2410831
22.2412968
22.2413883
22.2415409
22.2411442
22.2412968
22.2413883
22.2412663
22.2410831
22.2415104
22.2414494
22.2411442
22.2411747
22.2411747
22.2411442
22.2412968
22.2412052
22.2411442
22.2412968
22.2411747
22.2410221
22.2408695
22.240778
22.2409611
22.2412968
22.2409611
22.2408695
22.240778
22.2410221
22.2409611
22.240839
22.2409916
22.2407169
22.2409611
22.2407475
22.2409611
22.2407169
22.240778
22.2407169
22.2407169
22.2407475
22.2407169
22.2407169
22.2404728
22.2406559
22.2405338
22.2405949
22.2404728
22.2403507
22.2405338
22.2405949
22.2405643
22.2406559
22.2404118
22.2405338
22.2401981
22.2403507
22.2404728
22.2402897
22.2401066
22.2401676
22.2401066
22.2402897
22.2402897
22.2402897
22.239893
22.2399845
22.2400455
22.2398014
22.239893
22.2399235
22.2398624
22.2399235
22.2399235
22.2397099
22.2396183
22.2395878
22.2394657
22.2398014
22.2397709
22.2394962
22.2394352
22.2393742
22.2395573
22.2394962
22.2393436
22.2395573
22.2389469
22.2392521
22.2390079
22.2393131
22.239069
22.2391911
22.2390385
22.23913
22.2391605
22.2389469
22.2389164
22.2389469
22.2387943
22.2389469
22.2388248
22.2386112
22.2388248
22.2386417
22.2387943
22.2384892
22.2387028
22.2385197
22.238184
22.238245
22.2384586
22.2381535
22.2383976
22.2382145
22.2383671
22.2379704
22.2380924
22.2380924
22.2381535
22.2379704
22.2380314
22.238184
22.2380619
22.2377872
22.2378483
22.2377567
22.2376957
22.2377872
22.2378178
22.2374821
22.2376347
22.2374516
22.2376041
22.2376347
22.2375126
22.2376347
22.2374821
22.2373295
22.2375126
22.2373905
22.2374821
22.2371769
22.2373905
22.2370548
22.2372074
22.2370548
22.2371464
22.2372074
22.2370243
22.2369633
22.2369328
22.2369022
22.2369022
22.2367496
22.2368107
22.2367496
22.236414
22.2365055
22.2366581
22.236414
22.236475
22.2366276
22.236475
22.2362309
22.2365055
22.2362919
22.2362919
22.236475
22.2361698
22.2363834
22.2358646
22.2359867
22.2359257
22.2362309
22.2359562
22.2359562
22.2361088
22.2358036
22.2357426
22.2358646
22.2354984
22.235651
22.2357426
22.2355595
22.2355289
22.235651
22.2355595
22.2355289
22.2352543
22.2353764
22.2353458
22.2353764
22.2350712
22.2351017
22.2350101
22.2350712
22.2351017
22.2350101
22.2351322
22.2348881
22.234827
22.234705
22.234827
22.234766
22.2346745
22.2345524
22.2348881
22.2344608
22.2345524
22.2344608
22.234705
22.2344608
22.2345829
22.2343693
22.2345829
22.2344303
22.2341557
22.2343998
22.2342777
22.2340946
22.2343998
22.2341251
22.2343693
22.2342167
22.233881
22.2339115
22.2341251
22.233881
22.2337284
22.233881
22.2339725
22.2336979
22.2336979
22.2336979
22.2336979
22.2337284
22.2336063
22.2334538
22.2337894
22.2335758
22.2333927
22.2331791
22.2334538
22.2331791
22.2334538
22.2333012
22.2333622
22.2331791
22.2333622
22.233057
22.2331181
22.2334232
22.2333622
22.2330265
22.2332706
22.2328434
22.232935
22.2328434
22.2331486
22.232935
22.232996
22.2332401
22.232935
22.232935
22.2328434
22.2328434
22.232935
22.2328739
22.2328739
22.2328129
22.2327213
22.2328434
22.2325993
22.2327213
22.2328739
22.2324467
22.2324772
22.2325993
22.2326908
22.2324772
22.2328129
22.2325687
22.2324467
22.2328739
22.2327213
22.2325687
22.2325993
22.2325077
22.2325993
22.2325687
22.2325077
22.2324467
22.2326908
22.2325077
22.2324772
22.2323856
22.2325687
22.2325077
22.2325687
22.2326908
22.2326908
22.2327213
22.2324162
22.2324772
22.2323246
22.2326298
22.2325993
22.2327213
22.2325993
22.2326298
22.2324772
22.2324162
22.2324772
22.2325077
22.2327518
22.2326908
22.2327518
22.2328129
22.2327518
22.2324772
22.2327518
22.2325687
22.2327518
22.2326298
22.2325077
22.2328739
22.2326298
22.232935
22.2327518
22.232935
22.2326908
22.2326908
22.233057
22.2325993
22.2328434
22.2328129
22.2331181
22.2328434
22.2330265
22.2327518
22.2326298
22.232935
22.2327518
22.232935
22.233057
22.232996
22.2330265
22.2330265
22.232935
22.2331181
22.2331181
22.2326908
22.232935
22.2331181
22.2332401
22.2331486
22.2330265
22.2331486
22.2330265
22.2331181
22.2330265
22.2334538
22.2335453
22.2333012
22.2333927
22.2333622
22.2332706
22.2332401
22.2337284
22.2334538
22.2333927
22.2332401
22.2334232
22.2336674
22.2334843
22.2334538
22.2334538
22.2334232
22.2335453
22.23382
22.2336063
22.2334538
22.2334232
22.2336063
22.2337894
22.2336674
22.2336063
22.2336674
22.23382
22.2336674
22.2335453
22.2336674
22.233881
22.2339725
22.233881
22.2338505
22.233881
22.2337894
22.2341251
22.23382
22.233881
22.2339725
22.2339115
22.2337894
22.23382
22.2339115
22.23382
22.2340946
22.2339115
22.2338505
22.2342167
22.2341251
22.2339115
22.2342167
22.2340336
22.2342472
22.2340031
22.2342167
22.2339725
22.2340336
22.2342777
22.2339725
22.2343693
22.2343388
22.2342472
22.2342777
22.2343693
22.2343388
22.2345829
22.2345524
22.2342777
22.2345219
22.2343998
22.2344303
22.2341557
22.2344608
22.234766
22.2343998
22.2346745
22.2342167
22.234705
22.234766
22.2345829
22.234705
22.2345219
22.2347965
22.234705
22.2348881
22.2345829
22.234766
22.2346439
22.2345524
22.2350101
22.2346745
22.2351017
22.2348881
22.2350712
22.2349491
22.234827
22.2350101
22.2350101
22.2351017
22.2351933
22.2348881
22.2351017
22.2348881
22.2350712
22.234827
22.2350712
22.2350712
22.2353153
22.2349796
22.2352238
22.2352543
22.2351017
22.2350712
22.2352238
22.2354069
22.2351017
22.2352238
22.2353153
22.2351933
22.2353764
22.2352543
22.2353153
22.2355289
22.2352238
22.2351017
22.2354069
22.2352543
22.2355595
22.2354374
22.2355289
22.2353153
22.2353764
22.2356205
22.2357426
22.2357426
22.2356815
22.2356815
22.2354984
22.2356205
22.2358646
22.2358646
22.2358646
22.235651
22.2359562
22.2358646
22.2358646
22.235651
22.2357426
22.235651
22.2358036
22.2359562
22.2358036
22.2361088
22.2358646
22.2358036
22.2359257
22.2358036
22.2359867
22.2361698
22.2360477
22.2358646
22.2358646
22.2360477
22.2358646
22.2361088
22.2358646
22.2360783
22.2359867
22.2359562
22.2362309
22.2359562
22.2362309
22.2359562
22.2359562
22.2361088
22.2360477
22.2360783
22.2359867
22.2362309
22.2359562
22.2360783
22.2359867
22.2361088
22.2359867
22.2360477
22.2361698
22.2361698
22.2360783
22.2359257
22.2361088
22.2359562
22.2360783
22.2361088
22.2359867
22.2360783
22.2362919
22.2359867
22.2362309
22.2361088
22.2360477
22.2357426
22.2360783
22.2360783
22.2361088
22.2359867
22.2360477
22.2362919
22.2363224
22.2362003
22.2361698
22.2359562
22.2359562
22.2360477
22.2360783
22.2359257
22.2359562
22.2358646
22.2360477
22.2360783
22.2359257
22.2359867
22.2358646
22.2358646
22.2358036
22.2359257
22.2358646
22.2357731
22.2356815
22.2360477
22.2359257
22.2361088
22.2358646
22.2358646
22.2356815
22.2357731
22.2356815
22.2358646
22.2358646
22.2359562
22.2357426
22.2358646
22.2358646
22.2356815
22.235651
22.2359867
22.2358036
22.2358646
22.2358036
22.2355289
22.2359867
22.2354984
22.2357426
22.2356815
22.2357426
22.2354069
22.2355595
22.2357426
22.2356205
22.2355289
22.2356205
22.2356815
22.2356205
22.2354069
22.235651
22.2355289
22.2356815
22.2358646
22.2354069
22.2357731
22.2352238
22.2354374
22.2354069
22.2354984
22.2354374
22.235651
22.2355289
22.2353458
22.2354374
22.2354069
22.2353458
22.2356205
22.2353764
22.2354374
22.2353153
22.2354374
22.2354374
22.2349796
22.2352238
22.2353458
22.2353153
22.2354069
22.2351933
22.2352238
22.2351322
22.2350101
22.2351322
22.2353458
22.2351322
22.2348881
22.2348881
22.2351322
22.2353153
22.2351322
22.2350712
22.2351322
22.2351322
22.2352238
22.2348881
22.2349796
22.2350712
22.2349491
22.2350101
22.2351017
22.2350101
22.2349796
22.234827
22.2350101
22.2348881
22.234827
22.2350101
22.2349491
22.234827
22.2350712
22.2350712
22.2350101
22.2349796
22.2348881
22.2347965
22.2347965
22.2347965
22.2346745
22.234766
22.2347965
22.2346439
22.234705
22.2346745
22.2344608
22.2345829
22.2345524
22.2345829
22.2344303
22.2346745
22.2345524
22.2346439
22.2346439
22.2348881
22.2348881
22.2345829
22.2344608
22.234827
22.2344303
22.2345829
22.2345219
22.2343998
22.2344608
22.2344608
22.2344608
22.2346439
22.234766
22.2342777
22.2346439
22.2345524
22.2342777
22.2345219
22.2342777
22.2342472
22.2344608
22.2343693
22.2344608
22.2343998
22.2342472
22.2343388
22.2343693
22.2344608
22.2343388
22.234766
22.2342472
22.2343693
22.2343693
22.2342472
22.2343693
22.2342777
22.2343388
22.2343998
22.2342167
22.2342167
22.2343998
22.2345829
22.2342777
22.2343388
22.2344608
22.2342777
22.2342167
22.2343998
22.2343998
22.2342167
22.2343693
22.2343388
22.2344608
22.2342472
22.2343693
22.2342472
22.2343693
22.2341557
22.2343693
22.2343998
22.2343693
22.2345219
22.2346745
22.2343693
22.2343388
22.2340031
22.2342167
22.2345829
22.2343998
22.2340946
22.2343388
22.2343693
22.2344608
22.2343693
22.2342167
22.2342777
22.2343998
22.2344303
22.2341251
22.2344608
22.2341251
22.2342167
22.2341557
22.2339725
22.2343388
22.2344608
22.2342777
22.2342472
22.2340946
22.2342777
22.2343998
22.2342472
22.2340031
22.2343998
22.2340946
22.2341557
22.2343388
22.2344608
22.2340336
22.2340336
22.2340946
22.2342167
22.2341251
22.2341251
22.2342167
22.2339725
22.2342167
22.2340336
22.2343998
22.2342777
22.2343388
22.2344303
22.2340031
22.2343388
22.2341557
22.2342777
22.2342167
22.2340336
22.2343388
22.2338505
22.2342167
22.2342777
22.2341557
22.2342472
22.2341557
22.2340336
22.2340336
22.2340336
22.2340946
22.2341251
22.2340946
22.2340336
22.2338505
22.2341251
22.2340031
22.2340031
22.2339115
22.2340946
22.2340946
22.2341251
22.2342167
22.2339725
22.233881
22.233881
22.2340946
22.2339115
22.2339725
22.2341557
22.23382
22.233881
22.2339725
22.2340336
22.2339725
22.2338505
22.23382
22.2341557
22.2340336
22.233881
22.2340336
22.2338505
22.2336674
22.233881
22.2337284
22.233881
22.2340031
22.233881
22.2335453
22.2339115
22.233881
22.2340031
22.2338505
22.2336063
22.2336063
22.2340336
22.2337284
22.2340946
22.2339115
22.2334843
22.2336979
22.2339115
22.2336063
22.2339725
22.2337284
22.23382
22.2337894
22.2336063
22.2336063
22.2338505
22.2334538
22.23382
22.2336063
22.2337894
22.2340031
22.2337284
22.23382
22.2335758
22.2335453
22.2336674
22.2337284
22.23382
22.2336979
22.2336063
22.2334538
22.2336979
22.2336979
22.2336063
22.2334538
22.2336063
22.2337894
22.2335758
22.2336674
22.2336674
22.2335758
22.2339115
22.2336674
22.2334538
22.2337284
22.2336063
22.2337284
22.23382
22.2335453
22.2334843
22.2336674
22.2334538
22.2337284
22.2336979
22.2337284
22.2338505
22.2336063
22.2337284
22.2335453
22.2335453
22.2338505
22.2338505
22.2334843
22.23382
22.2336674
22.2335758
22.2336979
22.2337894
22.2337284
22.2336674
22.2338505
22.2336979
22.2334843
22.2335758
22.2334538
22.2337284
22.2337284
22.2336674
22.2335453
22.2337284
22.2335758
22.2336979
22.2337894
22.2336979
22.2336063
22.2335758
22.2338505
22.2335453
22.2336674
22.2336674
22.2338505
22.2334538
22.2336979
22.2336674
22.2334232
22.2334538
22.2335453
22.2336674
22.2337284
22.2334843
22.2336063
22.2336674
22.2334843
22.2334232
22.2336674
22.2336979
22.2331791
22.2335453
22.2336063
22.2336674
22.2334843
22.2335453
22.2336979
22.2332706
22.2336063
22.2336674
22.2336063
22.2334232
22.2337894
22.2335758
22.2333927
22.2337284
22.2334538
22.2336674
22.2335453
22.2336674
22.2335758
22.2333927
22.2335758
22.2335453
22.2334538
22.2335453
22.2338505
22.2334538
22.2336063
22.2334843
22.2334843
22.2335758
22.2337284
22.2334538
22.2334538
22.2332706
22.2334843
22.2335453
22.2334232
22.2338505
22.2334232
22.2335758
22.2336063
22.2335453
22.2334538
22.2336979
22.2336979
22.2334538
22.2335758
22.2334843
22.2334232
22.2338505
22.2334843
22.2335758
22.2334843
22.2335453
22.2336063
22.2336674
22.2336674
22.2335758
22.2334843
22.2334538
22.2334843
22.2334843
22.2333927
22.2332706
22.2332401
22.2333012
22.2335453
22.2332706
22.2334843
22.2335758
22.2334538
22.2334538
22.2332706
22.2333927
22.2333622
22.2334843
22.2332401
22.2333622
22.2333012
22.2334538
22.2335453
22.2333622
22.233057
22.2334843
22.2333622
22.2331486
22.2333622
22.2333622
22.2333012
22.2333622
22.2334843
22.2331486
22.2334538
22.2333012
22.2334232
22.2331486
22.2331486
22.2334232
22.2333622
22.233057
22.2332401
22.2332706
22.2333012
22.2332706
22.2331181
22.2331181
22.2331486
22.2332706
22.2331486
22.2331791
22.232935
22.2331486
22.233057
22.233057
22.2333012
22.2331486
22.2331181
22.2331181
22.232935
22.2332706
22.2331486
22.2331486
22.2331181
22.233057
22.232996
22.2331791
22.2330265
22.232996
22.2328434
22.232935
22.2331486
22.2328739
22.2328434
22.2331486
22.232996
22.232935
22.2328739
22.2328434
22.2328434
22.233057
22.2328434
22.2328739
22.2326908
22.232935
22.232935
22.2328129
22.2326908
22.2327213
22.232935
22.2328739
22.2328434
22.2330265
22.232996
22.2327518
22.2327518
22.232935
22.2328129
22.2325687
22.2328129
22.2324772
22.2324772
22.2325077
22.2325993
22.2324772
22.2325993
22.2328434
22.2323856
22.2323246
22.2325687
22.2326908
22.2324772
22.2324467
22.2325687
22.2325077
22.2325993
22.2323856
22.2324467
22.2325993
22.2325077
22.2325077
22.2324772
22.2324162
22.2325687
22.2323246
22.2324772
22.2325687
22.2327518
22.2325993
22.2324772
22.2324772
22.2322941
22.2325077
22.2325687
22.2324162
22.2322636
22.2323856
22.2322941
22.2323246
22.2324467
22.2325687
22.2323246
22.2323856
22.2323856
22.2324467
22.2323246
22.2323246
22.2325077
22.2322941
22.2321415
22.2323856
22.2323856
22.2324772
22.2324162
22.2319584
22.2323856
22.2321415
22.2324162
22.2322025
22.2324467
22.2322025
22.2321415
22.2320499
22.2319584
22.2322636
22.2320194
22.2319584
22.2320194
22.2320499
22.2320805
22.2321415
22.2318974
22.2319584
22.2318668
22.2320194
22.2322941
22.2320499
22.2319584
22.2319584
22.2318668
22.2320499
22.2317142
22.2317753
22.2319584
22.2319584
22.2318363
22.2317753
22.2322636
22.2317448
22.2317448
22.2317753
22.232172
22.2319584
22.2317753
22.2318668
22.2318668
22.2319584
22.2317448
22.2317753
22.2317753
22.2318974
22.2317753
22.2317753
22.2316227
22.2319584
22.2320194
22.2318974
22.2319584
22.2317753
22.2319584
22.2318363
22.2315311
22.2317142
22.2317142
22.2318363
22.2318363
22.2317142
22.2317448
22.2318668
22.2317142
22.2317448
22.2317753
22.2316227
22.2316227
22.2318974
22.2317142
22.2314701
22.2316532
22.2320194
22.2317753
22.2317448
22.2315006
22.2318668
22.2318363
22.2320499
22.2317448
22.2320805
22.2316532
22.2318363
22.2318974
22.2320499
22.2317753
22.2320194
22.2317753
22.2318363
22.2316227
22.2320194
22.2319584
22.2319584
22.2319584
22.2319584
22.2316532
22.2318668
22.2319584
22.2317142
22.2319584
22.2318668
22.2318668
22.2319584
22.2321415
22.2319584
22.2318363
22.2318974
22.2320499
22.2318363
22.2318974
22.2318363
22.2320194
22.2318974
22.2319584
22.2318668
22.2317142
22.2318974
22.2318668
22.2319584
22.2318974
22.2321415
22.2318668
22.2319584
22.2320194
22.2320805
22.2320194
22.2321415
22.2321415
22.2317753
22.2320805
22.2319584
22.2318668
22.2320805
22.2322636
22.2318363
22.2320194
22.2318668
22.2322636
22.2319584
22.232172
22.2323856
22.2320805
22.2320499
22.2323246
22.2322941
22.2323856
22.2321415
22.2324162
22.232172
22.2325077
22.2323246
22.2321415
22.232172
22.2322636
22.2322941
22.2324162
22.2325077
22.2324162
22.2325077
22.2327518
22.2325993
22.2325077
22.2324772
22.2324162
22.2325993
22.2325077
22.2325687
22.2325687
22.2325687
22.2325687
22.2327213
22.2325077
22.2328434
22.2328129
22.232935
22.232935
22.2328434
22.2328434
22.232935
22.232935
22.2330265
22.232996
22.232935
22.2327213
22.2331486
22.2333012
22.2330265
22.2328434
22.2331181
22.232935
22.2330265
22.2332706
22.2330265
22.2333927
22.2331486
22.2332706
22.2333927
22.2331486
22.2334843
22.2334843
22.2333927
22.2333622
22.2335453
22.2335453
22.2333012
22.2335453
22.2331486
22.2337284
22.2335758
22.2335758
22.2334843
22.2333927
22.2333622
22.2336063
22.2337284
22.2336063
22.2335758
22.2336979
22.2337894
22.2338505
22.2336063
22.2336979
22.23382
22.2337894
22.23382
22.2339725
22.2337894
22.2336979
22.2340031
22.2335453
22.2336063
22.2335758
22.233881
22.2339725
22.2339115
22.2338505
22.2339725
22.2340946
22.233881
22.2339115
22.2340031
22.2336979
22.2342167
22.2343693
22.2341557
22.2340946
22.2338505
22.2340946
22.2342472
22.2343998
22.2341251
22.2339725
22.2342777
22.2342167
22.2340946
22.2342167
22.2342167
22.2342167
22.2343998
22.2344303
22.2342777
22.2343693
22.2342167
22.2344303
22.2346439
22.2343998
22.2343998
22.2342777
22.2344303
22.2345524
22.2344303
22.2343693
22.2346439
22.2346745
22.2343998
22.234766
22.2344608
22.2346439
22.2346745
22.2342472
22.2347965
22.2344303
22.2343693
22.234705
22.2347965
22.234705
22.2347965
22.2345829
22.2344303
22.2349796
22.2346439
22.2348881
22.2350101
22.234827
22.2345829
22.2349796
22.234827
22.234705
22.234827
22.2347965
22.2350101
22.234705
22.2347965
22.2349491
22.2351322
22.2348881
22.2350101
22.2349491
22.2352238
22.2350712
22.2350101
22.2349491
22.2349491
22.2351017
22.2348881
22.2351322
22.2351933
22.2353458
22.2351933
22.2348881
22.2351933
22.2353153
22.2354069
22.2352238
22.2354374
22.2353764
22.2354374
22.2352543
22.2352543
22.2353153
22.2353764
22.2353764
22.2354069
22.2354069
22.2354984
22.2356205
22.2355595
22.2355595
22.2352238
22.2354374
22.2355289
22.2353458
22.2356815
22.2355595
22.2356205
22.2354069
22.2354374
22.2353764
22.235651
22.2356815
22.2352238
22.2354374
22.2355595
22.235651
22.2357731
22.235651
22.2354374
22.2359257
22.2356205
22.235651
22.2357426
22.2358646
22.2356205
22.2356205
22.235651
22.2355595
22.2356205
22.235651
22.2356815
22.2358646
22.2358036
22.235651
22.2358036
22.2359257
22.2356815
22.2356205
22.2357731
22.2357426
22.2358646
22.2354374
22.2359867
22.2355595
22.2354374
22.2356815
22.2357426
22.2355595
22.2361088
22.2357731
22.2356205
22.2359257
22.235651
22.2354984
22.2360477
22.2358646
22.2357731
22.2355289
22.2358646
22.2359867
22.2358036
22.2358646
22.2357426
22.2358036
22.2357426
22.2359562
22.2358646
22.2358036
22.2357426
22.2358646
22.2358646
22.2360783
22.2358036
22.2360477
22.2358036
22.2357426
22.2358036
22.2358646
22.2356815
22.2357731
22.2359867
22.2358646
22.2358646
22.2356815
22.2359257
22.2358646
22.2357426
22.2358036
22.2358036
22.2359257
22.2356815
22.2359562
22.2359562
22.2357426
22.2356815
22.2359257
22.2357426
22.2359867
22.2357731
22.2359257
22.2359257
22.2359867
22.2358646
22.2358036
22.2358646
22.2360477
22.2357731
22.2357731
22.2358646
22.2359867
22.2360477
22.2361088
22.2358646
22.2360783
22.2357731
22.2356815
22.235651
22.235651
22.2356815
22.2358646
22.2356815
22.2357731
22.2358646
22.2357731
22.2357426
22.2357426
22.2358646
22.2358646
22.2359562
22.2359867
22.2356815
22.2359867
22.2359562
22.2359867
22.2359562
22.2359867
22.2359257
22.2361698
22.2359257
22.2360783
22.2359257
22.2357731
22.2360783
22.2359867
22.2360783
22.2358646
22.2358646
22.2360783
22.2360477
22.2359867
22.2358646
22.2359867
22.2358646
22.2358646
22.2359867
22.2358646
22.2358646
22.2359257
22.2359867
22.2359867
22.2360477
22.2361698
22.2361088
22.2359562
22.2361088
22.2359257
22.2359867
22.2359562
22.2360477
22.2362919
22.2360477
22.2359257
22.2358036
22.2362003
22.2361088
22.2357731
22.2360783
22.2361088
22.2359867
22.2362309
22.2360477
22.2357731
22.2358646
22.2360477
22.2358646
22.2360783
22.2358646
22.2360783
22.2363224
22.2358646
22.2361088
22.2359257
22.2363224
22.2361698
22.2361088
22.2361088
22.2361088
22.2361088
22.2360477
22.2361088
22.2355595
22.2360477
22.2359867
22.2357731
22.2360477
22.2359867
22.2358646
22.2359867
22.2357731
22.2358646
22.2358036
22.2359257
22.2359867
22.2357426
22.2358646
22.2358646
22.2359257
22.2358036
22.2357426
22.2356815
22.2359257
22.2357426
22.2359257
22.2356205
22.2358646
22.2359867
22.2357426
22.2358646
22.2357731
22.2357426
22.2357731
22.2358036
22.2357731
22.2358646
22.2356815
22.235651
22.2358646
22.2358036
22.2356815
22.2355289
22.2356815
22.2356205
22.2358036
22.2357731
22.2355595
22.2355595
22.2357731
22.235651
22.2353458
22.2356815
22.2356815
22.2357731
22.2355289
22.235651
22.2354374
22.2355289
22.2353153
22.2355289
22.2354374
22.2353764
22.2354069
22.2357731
22.2355289
22.2355595
22.2352543
22.2354984
22.2354984
22.2354069
22.2353153
22.2352543
22.2354984
22.2354374
22.2352543
22.2352543
22.2351933
22.2353764
22.2349796
22.2351322
22.2354069
22.2352238
22.2352543
22.2350101
22.2351017
22.2353458
22.2353764
22.2350101
22.2349491
22.2352543
22.2354069
22.2353153
22.2349796
22.2353458
22.2350101
22.2352238
22.2351017
22.2352543
22.234827
22.2351017
22.2351322
22.2350712
22.2353458
22.2350101
22.2350712
22.2350712
22.2348881
22.2351017
22.2353458
22.2350712
22.2351017
22.2350712
22.2350101
22.2348881
22.2351933
22.2350712
22.2349491
22.2348881
22.2349491
22.2350712
22.2349491
22.2352238
22.2350101
22.2350101
22.2348881
22.2348881
22.2350712
22.2349796
22.2348881
22.2350712
22.2348881
22.2351017
22.2348881
22.2349796
22.2351017
22.2350712
22.2349796
22.234766
22.2351933
22.2348881
22.2351933
22.2350101
22.2347965
22.2348881
22.2351322
22.2351322
22.2348881
22.2351933
22.2349796
22.234705
22.2347965
22.2349796
22.2349796
22.2351933
22.2348881
22.2349796
22.2351933
22.2347965
22.2351017
22.2349491
22.2351017
22.2348881
22.2346745
22.234766
22.2350712
22.2345829
22.2348881
22.2349796
22.2349796
22.234766
22.234766
22.2348881
22.2347965
22.234827
22.2351017
22.2349796
22.234827
22.234827
22.2348881
22.2350712
22.2346745
22.2348881
22.2347965
22.2345829
22.234827
22.234827
22.2348881
22.2349491
22.2349491
22.234827
22.2349491
22.2349491
22.2347965
22.234827
22.2347965
22.2349796
22.2348881
22.2348881
22.2348881
22.234827
22.234827
22.234766
22.234766
22.234827
22.2349796
22.2349491
22.2349491
22.2347965
22.2347965
22.2350101
22.234827
22.2349796
22.2348881
22.2349491
22.2350712
22.2351933
22.2348881
22.234827
22.234766
22.234827
22.2347965
22.2349796
22.2350712
22.2348881
22.234827
22.2351322
22.2347965
22.2348881
22.2348881
22.2348881
22.2350712
22.2348881
22.2349491
22.2348881
22.2351322
22.2349796
22.2350712
22.2349796
22.2351933
22.2350101
22.2349796
22.2351017
22.2348881
22.2350712
22.2349796
22.2351017
22.2351017
22.2353764
22.2351017
22.2350712
22.2350101
22.2350712
22.2353458
22.2353153
22.2352238
22.2349796
22.2351933
22.2354069
22.2351322
22.2352543
22.2350712
22.2353458
22.2351933
22.2352238
22.2350712
22.2352543
22.2353764
22.2353153
22.2353764
22.2352543
22.2351933
22.2354984
22.2351322
22.2356205
22.2353458
22.2351933
22.2355289
22.2352238
22.2353764
22.2354374
22.2356815
22.2354984
22.2356815
22.2354069
22.2355595
22.2354374
22.235651
22.2356815
22.2355595
22.2354984
22.2354374
22.2357426
22.2358036
22.2355595
22.2357426
22.235651
22.2356205
22.2355595
22.235651
22.235651
22.2354984
22.2358646
22.2355595
22.2358646
22.2358036
22.2358646
22.235651
22.2357731
22.2356815
22.2359562
22.2357731
22.2359562
22.2359257
22.2356205
22.2359562
22.2357731
22.2358036
22.2361698
22.2358646
22.2360477
22.2359867
22.2357731
22.2359867
22.2357426
22.235651
22.2357731
22.2359867
22.2358646
22.2359867
22.2359867
22.2362003
22.2360783
22.2361088
22.2359257
22.2359867
22.2359867
22.2359562
22.2362003
22.2359867
22.2361698
22.2361698
22.2360477
22.2361698
22.2362309
22.2360783
22.2361088
22.2362309
22.2363834
22.2359867
22.2361698
22.2363224
22.2362919
22.2361698
22.2359867
22.2363529
22.2361088
22.2362309
22.236475
22.2363834
22.2362309
22.2358646
22.2363224
22.2363834
22.2365055
22.2362309
22.2363834
22.236414
22.2362309
22.2366276
22.2363834
22.2363224
22.236475
22.2363529
22.236475
22.236536
22.236475
22.236414
22.2362919
22.2366276
22.2365055
22.2362309
22.2363529
22.2366581
22.2363529
22.2365055
22.236414
22.236414
22.236475
22.2365971
22.2363224
22.2363224
22.2368107
22.236414
22.2367191
22.2366276
22.2368412
22.2365055
22.2367802
22.2367802
22.2367802
22.2365971
22.2369328
22.2366581
22.2369022
22.2367191
22.2368107
22.2367496
22.2367802
22.2370243
22.2368412
22.2369328
22.2369633
22.2367496
22.2369022
22.2369633
22.2370853
22.2370243
22.2368107
22.2371464
22.2369633
22.2371769
22.2372074
22.2372074
22.2370548
22.2372074
22.23736
22.2372684
22.2372074
22.2372074
22.2371464
22.2371769
22.2372684
22.2374516
22.2371464
22.2372684
22.2372684
22.23736
22.2373905
22.2374516
22.2373905
22.2374821
22.2377262
22.2376957
22.2375126
22.2374821
22.2377567
22.2374821
22.2374516
22.2375126
22.2376957
22.2376957
22.2375736
22.2374821
22.2379398
22.2376957
22.2375736
22.2377262
22.2376957
22.2377262
22.2378483
22.2379398
22.2377567
22.2378483
22.2379398
22.2380314
22.2378178
22.2379398
22.2379704
22.2380619
22.238245
22.2380619
22.238184
22.238184
22.2382755
22.2384586
22.2381535
22.238245
22.2386417
22.2383671
22.2383976
22.2385807
22.238184
22.2384892
22.2386417
22.2386417
22.2386112
22.2390079
22.2385807
22.2385197
22.2388248
22.2387943
22.2390385
22.2384892
22.2388859
22.2389164
22.2389164
22.2388248
22.2390079
22.2389469
22.2391605
22.2390385
22.2390385
22.23913
22.2391605
22.2394962
22.2395573
22.2394657
22.2393436
22.2391605
22.2393742
22.2393742
22.2395878
22.2399845
22.2396183
22.2397099
22.2394352
22.2398624
22.2396183
22.2398014
22.2398014
22.2396183
22.2395573
22.239893
22.240015
22.2401676
22.240015
22.2401676
22.2401066
22.2401981
22.2399845
22.2399845
22.2401981
22.2402897
22.2404728
22.2402897
22.2404728
22.2405643
22.2406559
22.2403507
22.2405338
22.2404423
22.2406559
22.240839
22.2407169
22.2409
22.2405949
22.2409611
22.2409
22.2411137
22.2409
22.2410831
22.2408695
22.2409
22.2411442
22.2410831
22.2410831
22.2413273
22.2411137
22.2410831
22.2414494
22.2413273
22.2414494
22.2415409
22.2414188
22.2412968
22.2413883
22.2416325
22.2415409
22.2415409
22.2416325
22.2415714
22.2419376
22.2417545
22.2416325
22.241724
22.2419987
22.2419682
22.2419682
22.2422428
22.2420597
22.2420597
22.2420597
22.2421818
22.2423954
22.2423954
22.2425175
22.2425175
22.2427311
22.2423649
22.2427921
22.2428226
22.2427921
22.242609
22.2428532
22.2430363
22.2428226
22.2428226
22.2429447
22.2434025
22.2431583
22.2430973
22.2429752
22.2432804
22.2434025
22.243372
22.2435246
22.2434635
22.2436466
22.2435246
22.2437687
22.2437992
22.2437687
22.2436771
22.2440739
22.2437992
22.2438297
22.2442265
22.2441044
22.2439213
22.2440739
22.244318
22.244318
22.2444706
22.2442265
22.2446232
22.2445621
22.2446842
22.2447758
22.2446842
22.2447453
22.2449894
22.2447453
22.245142
22.2448673
22.2447758
22.2448673
22.2448063
22.2452335
22.2454472
22.2451115
22.2454472
22.2455387
22.2456303
22.2454777
22.2455387
22.2455082
22.2456608
22.2456303
22.2459049
22.246088
22.2457829
22.2457829
22.2456608
22.2462101
22.2463017
22.246088
22.2459965
22.2461185
22.2462406
22.2463627
22.2462406
22.2466679
22.2464237
22.246851
22.2466373
22.2465458
22.2466679
22.2470341
22.2466679
22.2467899
22.2471561
22.2470951
22.2467899
22.2468815
22.2471561
22.2471867
22.2474003
22.2473392
22.2472172
22.2471561
22.2474918
22.2474003
22.2475224
22.2473087
22.2476139
22.2475834
22.2477665
22.2476444
22.2475224
22.247858
22.2480717
22.2477665
22.2480412
22.2478886
22.2477665
22.2480106
22.2480412
22.2483158
22.2480412
22.2481937
22.2481632
22.2482548
22.2484989
22.248621
22.2485905
22.248621
22.2487125
22.2485905
22.2484379
22.2488041
22.2485905
22.2488346
22.2489567
22.2490177
22.2489567
22.2487431
22.2491093
22.2494144
22.2489567
22.2491398
22.2492924
22.2492313
22.2493839
22.2493839
22.2498417
22.2494144
22.2494755
22.2496891
22.2494755
22.2495365
22.2496586
22.2497807
22.2495975
22.2499943
22.2499943
22.2498417
22.2500248
22.2499027
22.2501163
22.2500858
22.2500248
22.2499943
22.2503605
22.2500858
22.2503605
22.2501469
22.2503605
22.25033
22.2506351
22.2505741
22.250452
22.250452
22.2506657
22.2505436
22.2506657
22.2506962
22.2508793
22.2506962
22.2508793
22.2508793
22.2511234
22.2509708
22.2510014
22.2509098
22.2509708
22.2510014
22.2508793
22.2511234
22.2512455
22.251215
22.2513676
22.2511234
22.251215
22.2514896
22.2516117
22.2514286
22.2515202
22.2515507
22.2514286
22.2515507
22.2517643
22.2517338
22.2518864
22.2517948
22.2519779
22.2517643
22.2518864
22.2518559
22.2518559
22.252039
22.2519474
22.2521
22.252039
22.2523136
22.252161
22.2518864
22.252039
22.2524967
22.2523441
22.2522526
22.2523136
22.2525272
22.2525578
22.252161
22.2527409
22.2526493
22.2526798
22.2526798
22.2527714
22.2528324
22.2527409
22.2528324
22.2527714
22.2529545
22.2528019
22.2528019
22.253046
22.2530766
22.2530766
22.2529545
22.2531986
22.252924
22.2530766
22.2530766
22.2532291
22.2533512
22.2531986
22.2530766
22.2533512
22.2533207
22.2533817
22.2533207
22.2532902
22.2533512
22.2532902
22.2536259
22.2536259
22.2535038
22.2536259
22.2535954
22.2537479
22.2536259
22.2538395
22.253809
22.2537479
22.2539616
22.2537785
22.253809
22.2540226
22.2542057
22.2539616
22.2540226
22.253809
22.2540226
22.2539005
22.2540531
22.2540226
22.2540531
22.2543888
22.2539616
22.2543583
22.2543888
22.2542667
22.2541447
22.2543583
22.2544498
22.2546329
22.2543278
22.2542667
22.2543583
22.2543583
22.2546329
22.2545109
22.2546024
22.2546329
22.2545719
22.2548161
22.2545109
22.2548161
22.2548161
22.2547245
22.2549992
22.2548161
22.2547245
22.2548161
22.2550297
22.2550602
22.2549381
22.2548161
22.2548771
22.2549381
22.2550297
22.2549992
22.2550297
22.2551212
22.2550602
22.2549992
22.2550602
22.2550297
22.2551823
22.2552738
22.2552433
22.2553349
22.255579
22.2554264
22.2552433
22.2552738
22.2554264
22.2553654
22.2557316
22.2556705
22.2554569
22.255579
22.255579
22.2557316
22.2553654
22.2558537
22.2557011
22.2557926
22.2557926
22.2557926
22.2557316
22.2559757
22.2560978
22.2558231
22.2559757
22.2560368
22.2562199
22.2562504
22.2560978
22.2561283
22.2561283
22.2558842
22.2560978
22.2561283
22.2562809
22.2560368
22.2561283
22.2563419
22.256403
22.2561588
22.256525
22.2563419
22.256525
22.2567692
22.2562809
22.2564335
22.256464
22.2567081
22.2565861
22.2567081
22.2567081
22.2568302
22.2569828
22.2568607
22.2567692
22.2568913
22.2569828
22.2569828
22.2569828
22.2571049
22.2573795
22.257288
22.2570744
22.2570744
22.2572575
22.25741
22.2572269
22.2573795
22.25741
22.2571964
22.2572575
22.2576847
22.2575626
22.2576237
22.2577457
22.2575321
22.2576542
22.2575016
22.2577763
22.2577457
22.2576847
22.2578373
22.2580509
22.2579899
22.2579899
22.2577763
22.2579899
22.2582951
22.2579899
22.2578373
22.2579899
22.2579594
22.2582035
22.2582035
22.2583561
22.2583561
22.2582951
22.2582951
22.2580814
22.2585087
22.258234
22.2586613
22.2583866
22.258234
22.2583866
22.2584782
22.2586002
22.2584171
22.2584782
22.2585087
22.2588444
22.2587223
22.2587528
22.2587528
22.2587223
22.2586308
22.2588444
22.2587223
22.2588444
22.2586613
22.2589664
22.2587833
22.2587833
22.2588139
22.2588444
22.2591496
22.2589664
22.2589054
22.259058
22.2592106
22.2591801
22.2588139
22.2589054
22.259058
22.2590885
22.2589359
22.2591496
22.2591801
22.2590885
22.2591801
22.2590885
22.2593327
22.2591496
22.2594547
22.2593021
22.2592716
22.2593937
22.2592716
22.2590275
22.2592106
22.2595158
22.2593327
22.2593632
22.2592716
22.2591496
22.2592106
22.2593937
22.2593327
22.2593021
22.2595768
22.2596378
22.2593937
22.2593021
22.2595768
22.2595158
22.2593937
22.2594547
22.2593632
22.2595768
22.2594547
22.2594547
22.2596989
22.2595768
22.2595158
22.2596073
22.2596073
22.2597599
22.2595158
22.2595768
22.2596989
22.2595768
22.2597599
22.2594852
22.2597599
22.2596378
22.2597599
22.2599735
22.2597294
22.2596989
22.2596378
22.2598209
22.2599735
22.2598209
22.2596989
22.2597599
22.2595158
22.259943
22.2598209
22.2598209
22.2598209
22.2600346
22.2599735
22.2598209
22.2600346
22.2600346
22.259943
22.2599735
22.2598515
22.2599735
22.2598209
22.2601871
22.2598209
22.2599735
22.2598209
22.2599735
22.2602177
22.2598515
22.2601871
22.2599735
22.2600956
22.259943
22.2599735
22.2602177
22.2602787
22.2600651
22.2599735
22.2599735
22.2602177
22.2600651
22.2602177
22.259943
22.2601871
22.2601566
22.2603397
22.2600956
22.2603703
22.2603397
22.2602787
22.2604618
22.2602787
22.2603703
22.2604618
22.2603397
22.2602482
22.2605839
22.2602177
22.2601566
22.2601566
22.2602787
22.2603397
22.2601871
22.2604618
22.2601871
22.2605228
22.2602177
22.2603397
22.2604618
22.2604923
22.2606144
22.2604618
22.2605839
22.2606144
22.2607975
22.2606144
22.2604923
22.2606449
22.2603703
22.2605839
22.2605839
22.2607059
22.2604923
22.2604008
22.2604008
22.2605228
22.2608891
22.2606449
22.2607975
22.2604923
22.2606144
22.2607975
22.2603703
22.2608891
22.2604923
22.2605839
22.2609501
22.2607975
22.2605839
22.260767
22.2607059
22.2609196
22.260767
22.2610416
22.2607975
22.2607975
22.2606449
22.2607975
22.2609196
22.260828
22.2607975
22.260828
22.2606449
22.2609501
22.2607059
22.2610111
22.2611942
22.2609501
22.2610111
22.2609501
22.2610416
22.2610111
22.2609196
22.2610111
22.2610111
22.2611637
22.2610722
22.2611637
22.2613468
22.2609501
22.2610416
22.2611637
22.2612247
22.2611332
22.2610416
22.2611942
22.2611332
22.2612247
22.2610722
22.2611637
22.2612553
22.2613773
22.2613773
22.2611332
22.2611637
22.2613773
22.2612247
22.2615604
22.2612553
22.2612553
22.261591
22.2612247
22.2614384
22.2612553
22.2614994
22.2610416
22.2614384
22.2615604
22.2614994
22.2614689
22.2613773
22.2614994
22.2613773
22.2617741
22.2613468
22.2614994
22.2615604
22.261591
22.2616215
22.2616215
22.2617741
22.2614994
22.2617435
22.261591
22.2617741
22.2617435
22.2614994
22.2617741
22.261713
22.261713
22.2617435
22.2618656
22.2618046
22.2620182
22.2617741
22.2618046
22.2620487
22.2621403
22.2618656
22.2619267
22.2620487
22.2622318
22.2622318
22.2621403
22.2621098
22.2619267
22.2618046
22.2622318
22.2620182
22.2621098
22.2622929
22.2622929
22.2622318
22.2619267
22.2621403
22.2622318
22.2623539
22.2622929
22.2622318
22.2624149
22.2621708
22.2621403
22.2623539
22.2623234
22.2624454
22.2624149
22.2623539
22.2622318
22.2624149
22.2625675
22.2622318
22.262598
22.2625675
22.2623539
22.2624149
22.2624454
22.2622318
22.2622929
22.2624454
22.2627506
22.2626896
22.262476
22.262476
22.2627201
22.2627201
22.2626896
22.2627506
22.2622929
22.2627201
22.2627201
22.262476
22.2627201
22.262537
22.2626896
22.2624149
22.262476
22.262476
22.2626896
22.2629642
22.262537
22.2627201
22.2626591
22.2628422
22.2627201
22.2627506
22.2626591
22.2627506
22.2625675
22.2626896
22.2629032
22.262537
22.2626896
22.2629642
22.2627811
22.2629948
22.2627201
22.2627506
22.2626591
22.2627506
22.2628727
22.2627811
22.2624454
22.2626591
22.2626896
22.2629642
22.2627506
22.2626896
22.2626896
22.2627201
22.2630863
22.2625675
22.2629032
22.2627811
22.2627506
22.2627506
22.2628727
22.2627811
22.2626896
22.2626896
22.2627811
22.2629032
22.2627811
22.2628727
22.2631168
22.2628727
22.2627506
22.2628422
22.2629032
22.2628422
22.2629642
22.2629642
22.2631474
22.2627506
22.2629642
22.2630253
22.2627201
22.2629032
22.2628727
22.2627506
22.2628727
22.2629642
22.2627201
22.2628727
22.2628422
22.2627201
22.2630253
22.2630863
22.2626896
22.2628727
22.2628727
22.2628727
22.2630863
22.2627811
22.2629948
22.2628422
22.2628727
22.2627811
22.2629032
22.2627506
22.2628727
22.2629948
22.2630863
22.2628727
22.2627201
22.2627506
22.2629642
22.2629032
22.2628727
22.2627811
22.2629032
22.2627506
22.2626591
22.2627811
22.2629032
22.2628422
22.2630253
22.2628727
22.2627811
22.2632084
22.2627201
22.2627201
22.2628422
22.2631168
22.2628422
22.2629642
22.2628727
22.2629948
22.2629032
22.2630253
22.2628727
22.2627506
22.2627506
22.2632389
22.2629642
22.2631168
22.2629032
22.2625675
22.2630863
22.2628727
22.2631168
22.2627506
22.2627201
22.2629948
22.2626591
22.2630253
22.2627811
22.2627811
22.2628422
22.2630863
22.2628727
22.2629948
22.2629642
22.2630863
22.2629642
22.2630863
22.2632084
22.2629642
22.2631474
22.2631168
22.2629032
22.2629948
22.2630863
22.2631474
22.2632694
22.2630253
22.2629642
22.2631474
22.2632389
22.2630863
22.2632389
22.2631474
22.2630863
22.2631474
22.2633915
22.2633305
22.2630863
22.2634525
22.2633305
22.2632694
22.2632999
22.2632389
22.2634525
22.2631474
22.2633305
22.2633305
22.2632999
22.2632389
22.263422
22.2633305
22.2632084
22.2633305
22.2632694
22.2632084
22.2635441
22.2634525
22.2632999
22.2632694
22.2635441
22.263422
22.2633305
22.2636967
22.2634525
22.2634525
22.2635136
22.2633915
22.2635441
22.2632389
22.263422
22.2634525
22.2635746
22.2632694
22.2633305
22.263422
22.2635136
22.2634525
22.2633305
22.2635136
22.2635136
22.263422
22.2635136
22.2632694
22.2632084
22.2635136
22.2632389
22.263422
22.2635136
22.2631168
22.263422
22.2635136
22.2633915
22.263422
22.2635136
22.2635441
22.2635441
22.2632999
22.2634525
22.263422
22.2636356
22.2633305
22.2636356
22.2633915
22.2633305
22.2635441
22.263422
22.2635441
22.263422
22.263422
22.2633915
22.2636356
22.2633915
22.2635136
22.2633915
22.2634525
22.263422
22.2634525
22.2632999
22.2631474
22.2634525
22.2632999
22.2634525
22.2635136
22.263422
22.2633915
22.263422
22.2631474
22.2631168
22.2632999
22.2634525
22.2632084
22.2634525
22.2635441
22.2633305
22.2632389
22.2632999
22.2633915
22.2630863
22.2632999
22.2635441
22.2630863
22.2635441
22.2632999
22.2634525
22.2633915
22.2632999
22.2632694
22.263422
22.263422
22.2630863
22.2636356
22.2632389
22.2632999
22.2631474
22.2630863
22.2632084
22.2632389
22.2632084
22.2633915
22.2632694
22.2633305
22.2633305
22.2635441
22.2633305
22.2635441
22.2631168
22.2633305
22.2634525
22.2633305
22.2635136
22.2633305
22.263422
22.263422
22.2630253
22.263422
22.2631474
22.2632999
22.2632694
22.2632389
22.2633305
22.2632389
22.263422
22.2631474
22.2634525
22.2633305
22.2632694
22.2632694
22.2631474
22.2632389
22.2632999
22.2632694
22.2632084
22.2633305
22.2632694
22.2634525
22.2633915
22.2633305
22.2632389
22.2630863
22.2631474
22.2629642
22.2632694
22.2632694
22.2632999
22.2630863
22.2629948
22.2631474
22.2632694
22.2632389
22.2635136
22.2631168
22.2629032
22.2631474
22.2631168
22.2630863
22.2630863
22.2632389
22.2631168
22.2631474
22.2632999
22.2633305
22.2631474
22.2630863
22.2628727
22.2630253
22.2632999
22.2631168
22.2632389
22.2631168
22.2632389
22.2632694
22.2633305
22.2631168
22.2633305
22.2629948
22.2629032
22.2630863
22.2630253
22.2631474
22.2632694
22.2631474
22.2631168
22.2633305
22.2632694
22.2631474
22.2633305
22.2629948
22.2629642
22.2631168
22.2630863
22.2627811
22.2632084
22.2629948
22.2630863
22.2631168
22.2630253
22.2630253
22.2632694
22.2631474
22.2630863
22.2632999
22.2632084
22.2629032
22.2632694
22.2630253
22.2630253
22.2629948
22.2629032
22.2629948
22.2632999
22.2631168
22.2630863
22.2631474
22.2630863
22.2629642
22.2630863
22.2629642
22.2628422
22.2629032
22.2627811
22.262598
22.2629032
22.2627506
22.2628727
22.2628422
22.2627811
22.2629948
22.2628422
22.2629642
22.262598
22.2629032
22.2629948
22.2625675
22.2629642
22.2628422
22.2627506
22.2627506
22.2624149
22.2626896
22.2628727
22.2628422
22.2628727
22.2627506
22.2629948
22.2626896
22.2628422
22.2625675
22.2626591
22.2626591
22.2628422
22.2624454
22.2626591
22.2627201
22.2626591
22.2628727
22.262598
22.2625675
22.2628727
22.2623539
22.2623539
22.2628727
22.2626896
22.2626896
22.2627201
22.262537
22.2627506
22.262476
22.2626591
22.262476
22.2626896
22.2624149
22.2627201
22.2628422
22.2623539
22.2625675
22.262598
22.2623234
22.2623234
22.2625675
22.2625675
22.2624149
22.2625675
22.2624454
22.2625675
22.262537
22.2625675
22.2623539
22.262537
22.2622318
22.2624149
22.2625675
22.262476
22.262476
22.262537
22.262537
22.2625675
22.2624149
22.2623539
22.2622929
22.2622318
22.2624149
22.2626591
22.2627506
22.262476
22.2625675
22.2627506
22.2625675
22.2624149
22.2624454
22.262537
22.262537
22.2625675
22.2624454
22.2622318
22.262537
22.262537
22.262598
22.2624454
22.2624454
22.2626896
22.2623539
22.2624454
22.2627506
22.262598
22.2623234
22.262476
22.2623234
22.2622318
22.2623539
22.262598
22.2622929
22.2624454
22.2623234
22.2624454
22.2622318
22.262537
22.2625675
22.2624149
22.2624149
22.2621708
22.2621098
22.2627201
22.2623234
22.2622318
22.2623539
22.2623234
22.2624149
22.2624149
22.2624454
22.2624454
22.2621708
22.2622318
22.2622318
22.262476
22.2623539
22.2621098
22.2621098
22.2623234
22.2622318
22.2622929
22.2622318
22.2622318
22.2621708
22.2622929
22.2622318
22.2618656
22.2622318
22.2621403
22.2622318
22.2621403
22.2622929
22.2622929
22.2622318
22.2621708
22.2622929
22.2622318
22.2616825
22.2622318
22.2621708
22.2618656
22.2620182
22.2618961
22.2620182
22.2619267
22.2621403
22.2620487
22.2622929
22.2623234
22.2618961
22.2621098
22.2622318
22.2621708
22.2620182
22.2619267
22.2620182
22.2620182
22.2620182
22.2618961
22.2619877
22.2620182
22.2621098
22.2618961
22.2617741
22.2621098
22.261713
22.2617741
22.2621708
22.2621098
22.2619877
22.2618961
22.2620182
22.2618656
22.2618656
22.261713
22.2617741
22.2617741
22.2619267
22.2618961
22.2616215
22.2621098
22.2618046
22.261713
22.2618961
22.2619267
22.2618046
22.2617435
22.2618961
22.2616825
22.2618046
22.2622318
22.2618656
22.2617741
22.2618961
22.2616215
22.261591
22.2618046
22.2614994
22.2617741
22.261713
22.2613468
22.2619877
22.2616825
22.2614994
22.2617741
22.2614384
22.2616215
22.2614994
22.2615604
22.261591
22.2617435
22.2616215
22.2616215
22.261591
22.2616825
22.261713
22.261713
22.2618656
22.2617435
22.261591
22.261713
22.261591
22.2613163
22.261713
22.2614994
22.2614994
22.2614994
22.2616825
22.261591
22.2614994
22.261591
22.2616215
22.2611637
22.2615604
22.2614384
22.2616215
22.2614689
22.2614994
22.2615604
22.2616825
22.2616825
22.2613773
22.2613468
22.2615604
22.2616215
22.2613773
22.2612553
22.2614689
22.2613773
22.2617435
22.2614689
22.2616825
22.2614689
22.2614384
22.2613773
22.2614994
22.2614689
22.2613163
22.2612247
22.2611332
22.2612553
22.2616215
22.2614384
22.261591
22.2614384
22.2613468
22.2613773
22.2613773
22.2616215
22.2614689
22.2614994
22.2613468
22.2613773
22.2614994
22.2613163
22.2612247
22.2613773
22.2615604
22.2612553
22.2616215
22.2613468
22.2612553
22.2611332
22.2612247
22.2613468
22.2611942
22.2613773
22.2613773
22.2613163
22.2615604
22.2614689
22.2613468
22.2611332
22.2612247
22.2612553
22.2611637
22.2611332
22.2613468
22.2611942
22.2611942
22.2610722
22.2613163
22.2611637
22.2611332
22.2610416
22.2611332
22.2611942
22.2613163
22.2610416
22.2611637
22.2611942
22.2610416
22.2611637
22.2610416
22.2611942
22.2610111
22.2612553
22.2613773
22.2610416
22.2611637
22.2610722
22.2610722
22.2610111
22.2608891
22.2610111
22.2610111
22.2610416
22.2610416
22.2611332
22.2611637
22.2610111
22.2611332
22.2606144
22.2610416
22.2610111
22.2610111
22.2607975
22.260767
22.2606449
22.2609196
22.2608891
22.2609501
22.2608891
22.2608891
22.2607059
22.2610722
22.2607975
22.2609196
22.2610111
22.2604008
22.2606144
22.2609501
22.2605839
22.2606144
22.2605839
22.2607059
22.2607975
22.2604618
22.2607059
22.2607059
22.2607059
22.2607059
22.2607059
22.260828
22.2604923
22.2607059
22.2604923
22.2606144
22.2605839
22.2607059
22.2606449
22.2603703
22.2606144
22.2605839
22.2604923
22.2603397
22.2607059
22.2602787
22.2606449
22.2606144
22.2604923
22.2602177
22.2603703
22.2604008
22.2601566
22.2605839
22.2603703
22.2603397
22.2601871
22.2604618
22.2601871
22.2600956
22.2602787
22.2602177
22.2602787
22.2602482
22.2603397
22.2602177
22.2603397
22.2602787
22.2601566
22.2602787
22.2599735
22.2601566
22.2601871
22.2601871
22.2600651
22.2603703
22.2600651
22.2600651
22.2600346
22.2601566
22.2600346
22.2602787
22.2600956
22.2598515
22.2601871
22.2598209
22.2601871
22.2600346
22.2599735
22.2599125
22.2600651
22.2600651
22.2599735
22.2598209
22.2600651
22.2598209
22.259943
22.2600651
22.259943
22.2600956
22.2596378
22.2597294
22.2598515
22.2597599
22.259943
22.2597294
22.2598209
22.2598209
22.2596378
22.2596378
22.2596378
22.259943
22.2595158
22.2599735
22.2596989
22.2596989
22.2596989
22.2593937
22.2596378
22.2594852
22.2597599
22.2595158
22.2596378
22.2594852
22.2593021
22.2594852
22.2593327
22.2596378
22.2595158
22.2593632
22.2592716
22.2593632
22.2595158
22.2594547
22.2592716
22.2592106
22.2592716
22.2592106
22.2590275
22.2594852
22.2590885
22.2591496
22.2591801
22.2592716
22.2593021
22.259058
22.2592716
22.2592716
22.2590275
22.2588444
22.2591496
22.2592716
22.2589664
22.2590885
22.2589664
22.2592106
22.2590885
22.2590275
22.2589359
22.2587833
22.2587223
22.2590275
22.2591801
22.2588139
22.2588444
22.2589054
22.259058
22.2592716
22.2589054
22.2588139
22.2586308
22.2589664
22.2587223
22.2588139
22.2586613
22.2588444
22.2588139
22.2590275
22.2586613
22.2587223
22.2587528
22.2586002
22.2585392
22.2586613
22.2586002
22.2585087
22.2585087
22.2585392
22.2585087
22.2585392
22.2583561
22.2586002
22.2582951
22.2585087
22.2586002
22.2584171
22.2584171
22.258234
22.2582951
22.2583561
22.2582951
22.2582035
22.2580814
22.2583561
22.2582951
22.2579594
22.258234
22.258234
22.258112
22.2579594
22.2582035
22.258173
22.258234
22.2578373
22.2579594
22.258173
22.2579594
22.2578678
22.2579288
22.2579288
22.258234
22.2577457
22.2578678
22.2575626
22.2578373
22.2575016
22.2577457
22.2578068
22.2578068
22.2577457
22.2576542
22.2576847
22.2579594
22.2576847
22.2575016
22.2578373
22.2576237
22.25741
22.2575016
22.2575626
22.2577763
22.2575626
22.2576847
22.2575626
22.2576237
22.2573795
22.2573185
22.2575321
22.2575626
22.2574406
22.257288
22.2571354
22.2572269
22.2572269
22.2574406
22.2575016
22.2573185
22.2571354
22.25741
22.2569828
22.2569828
22.2575016
22.2572575
22.2572269
22.2569828
22.2571964
22.2570744
22.2570744
22.2567692
22.2568913
22.2568913
22.2567692
22.2570744
22.2566776
22.2569523
22.2568913
22.2568607
22.2567692
22.2568607
22.2568302
22.2566471
22.2567692
22.2566776
22.2566776
22.2568302
22.2567692
22.2566776
22.2568913
22.2567081
22.2566471
22.2567081
22.2566471
22.2567692
22.256464
22.256464
22.2563419
22.2563419
22.256525
22.256464
22.256464
22.2563419
22.256525
22.2562199
22.256525
22.256403
22.2561283
22.2562199
22.2561588
22.2563419
22.2562809
22.2560978
22.2562504
22.2562809
22.2560062
22.2560978
22.2560978
22.2559147
22.2559757
22.2561283
22.2559147
22.2558537
22.2558231
22.2558842
22.2559757
22.2558231
22.2560062
22.2557011
22.2558231
22.2556705
22.2557926
22.2558842
22.2556705
22.2558537
22.2558537
22.2557316
22.2556095
22.2556705
22.2556705
22.2556705
22.2557011
22.2554569
22.2554874
22.2556705
22.2553349
22.2554874
22.2553043
22.2551823
22.2553349
22.255579
22.2552433
22.2552433
22.2554264
22.2549992
22.2552738
22.2554569
22.2552433
22.2553043
22.2550602
22.2550297
22.2554264
22.2551517
22.2551517
22.2552433
22.2549992
22.2550602
22.2546024
22.2550297
22.2550297
22.2548161
22.2548161
22.2549992
22.2548771
22.2549076
22.254694
22.2544498
22.2548161
22.2543583
22.2544804
22.2544804
22.254755
22.2544804
22.2546329
22.2546024
22.2546024
22.2544498
22.2542973
22.2540226
22.2543583
22.2542667
22.2541447
22.2538395
22.2540531
22.2541447
22.2542057
22.2541447
22.2542667
22.2540226
22.2541752
22.2540531
22.253931
22.2539005
22.253809
22.2540226
22.2540531
22.2535954
22.253809
22.2537174
22.2536564
22.2537479
22.2535343
22.2535038
22.2534122
22.2536564
22.253809
22.2534122
22.2536564
22.2533512
22.2533512
22.2532291
22.2530766
22.2532291
22.2534122
22.2531681
22.252924
22.2531681
22.2531986
22.2532291
22.2532291
22.253046
22.252985
22.2528629
22.2528324
22.2528629
22.2526798
22.2528019
22.2531071
22.252985
22.2526188
22.2526493
22.2525578
22.2528019
22.2525578
22.2526493
22.2525578
22.2527714
22.2526493
22.2526493
22.2523136
22.2524052
22.2524967
22.2524052
22.2524052
22.2525272
22.2523746
22.2523746
22.2523441
22.2525272
22.2521915
22.2523746
22.2523136
22.2522526
22.252039
22.2522221
22.2520695
22.2519474
22.2517948
22.2519169
22.2516727
22.2519474
22.2519169
22.2518559
22.2517643
22.2516117
22.2517643
22.2515507
22.2516422
22.2518559
22.2516727
22.2514286
22.2514896
22.2513371
22.2513065
22.2513676
22.2516117
22.2515507
22.2514896
22.2514286
22.2513065
22.2516117
22.2513065
22.2513981
22.2512455
22.2512455
22.2510624
22.2513676
22.2512455
22.2510929
22.2510929
22.2510929
22.2513065
22.2509708
22.2510624
22.2512455
22.251215
22.2507572
22.2506962
22.2511845
22.2508183
22.2509403
22.2507877
22.2509098
22.2506657
22.2507877
22.2506962
22.2506657
22.2507877
22.2506657
22.2505436
22.250391
22.2503605
22.2505741
22.25033
22.2506962
22.2504215
22.2503605
22.2501469
22.25033
22.2502384
22.250391
22.2503605
22.2502689
22.2500858
22.2502384
22.2501163
22.2502689
22.2501469
22.25033
22.2500858
22.2500858
22.2500858
22.2499027
22.2498112
22.2499943
22.2495975
22.2499027
22.2499638
22.2499027
22.2498112
22.2496891
22.2499027
22.2495975
22.2498417
22.2495975
22.2496586
22.2494144
22.2494755
22.2499027
22.2494144
22.249445
22.2494144
22.2494144
22.2494755
22.2492619
22.2492313
22.2492313
22.2490482
22.2491093
22.2491703
22.2492619
22.2492313
22.2490177
22.2493839
22.2491398
22.2489567
22.2489567
22.2489567
22.2487125
22.2488041
22.2487431
22.2489262
22.2488346
22.2485905
22.2488346
22.2485905
22.2488651
22.248621
22.248682
22.2484989
22.2484684
22.2485905
22.2485905
22.2484684
22.2483158
22.2485905
22.2484074
22.2484684
22.2483158
22.2482548
22.2481632
22.2480412
22.2480412
22.2478886
22.2481327
22.2480106
22.2479496
22.2480717
22.2478275
22.2477055
22.247858
22.2477055
22.2479496
22.247736
22.2479496
22.2477055
22.2474613
22.2476444
22.2474003
22.2474918
22.2474308
22.2475834
22.2474003
22.2475834
22.2473087
22.2472782
22.2473392
22.2474003
22.2473087
22.2470341
22.246851
22.2470951
22.2471867
22.2471561
22.2470341
22.2469425
22.246912
22.2468815
22.2472172
22.246973
22.246912
22.2467899
22.246973
22.2468815
22.2466068
22.2467899
22.246912
22.2465458
22.2467899
22.2466679
22.2465458
22.2466373
22.2465153
22.2465458
22.2464237
22.2464237
22.2466679
22.2466068
22.2464542
22.2462101
22.2464848
22.2463322
22.2463627
22.2463322
22.2461185
22.2461185
22.246088
22.2461185
22.2462406
22.2463322
22.2459049
22.2460575
22.2460575
22.2460575
22.2459354
22.2458134
22.2460575
22.2457523
22.2461185
22.2460575
22.2459049
22.2456608
22.2455692
22.2454777
22.2455692
22.2456608
22.2454472
22.2454472
22.2455387
22.2453556
22.2454777
22.2453861
22.2454472
22.2455082
22.2454472
22.2454777
22.2453556
22.245142
22.2453861
22.2453556
22.2453251
22.245203
22.2450199
22.2454472
22.2449284
22.2451115
22.2451115
22.245203
22.2450809
22.2448978
22.2449589
22.2450199
22.2448978
22.2447758
22.2447758
22.2448063
22.2450809
22.2447453
22.2446232
22.2448063
22.2446232
22.2448673
22.2448673
22.2448063
22.2446537
22.2447758
22.2442265
22.2446232
22.2445621
22.244379
22.2446537
22.244318
22.2445011
22.244318
22.2447453
22.2445011
22.2445621
22.244318
22.2441044
22.2440739
22.2443485
22.2441349
22.2442265
22.244379
22.2441044
22.2440128
22.2440739
22.2441044
22.2439213
22.2440739
22.2439213
22.2439213
22.2442265
22.2440128
22.2439213
22.2440739
22.2441349
22.2439518
22.2437992
22.2438908
22.2440128
22.2442265
22.2437687
22.2437687
22.2440434
22.2440739
22.2438297
22.2439518
22.2439213
22.2438297
22.2438297
22.2435856
22.2438908
22.2438297
22.2437077
22.2437687
22.2437687
22.2436466
22.2437687
22.2437077
22.2438297
22.2435856
22.2434635
22.2438297
22.243372
22.2435246
22.2435246
22.2435856
22.2431278
22.243372
22.243372
22.243372
22.2433414
22.2431278
22.2432804
22.2434025
22.2434635
22.2435856
22.2432499
22.2432804
22.2432194
22.2430973
22.2432804
22.2431583
22.2431583
22.2433414
22.2431583
22.2432194
22.2431278
22.2431583
22.2430363
22.2431278
22.2431583
22.2432804
22.2429752
22.2430363
22.2430668
22.2429752
22.2431278
22.2431583
22.2430363
22.2431278
22.2428226
22.2429752
22.2431583
22.2429142
22.2428532
22.2430668
22.2428226
22.2432194
22.2428226
22.2429752
22.2429447
22.2429447
22.2428226
22.2430363
22.2427006
22.2427006
22.2427921
22.2427921
22.2427006
22.2425175
22.2426395
22.2426701
22.2425175
22.2427006
22.2427006
22.2423954
22.242609
22.2427006
22.2429752
22.2427006
22.2427921
22.2427311
22.2426395
22.2424259
22.2426701
22.2425175
22.242548
22.2427006
22.242609
22.2424259
22.242609
22.2423954
22.242487
22.2425175
22.242609
22.2425175
22.242487
22.2423649
22.2423954
22.2423038
22.2424259
22.2426395
22.2422428
22.2424259
22.2423038
22.2423649
22.2421818
22.2425175
22.2423649
22.2425175
22.2423954
22.2423038
22.2420902
22.2421818
22.2421818
22.2422428
22.2423954
22.2423038
22.2422428
22.2420902
22.2424259
22.2424259
22.2422428
22.2421207
22.2421818
22.2423954
22.2421207
22.2423649
22.2422428
22.2423038
22.2422428
22.2421207
22.2423038
22.2421513
22.2421513
22.2423649
22.2424259
22.2422733
22.2421513
22.2422733
22.2421513
22.2422428
22.2421818
22.2422428
22.2420902
22.2419376
22.2421513
22.2421207
22.2421818
22.2422733
22.2421513
22.2417545
22.2421207
22.2420902
22.2421207
22.2422733
22.2421818
22.2421513
22.2421513
22.2421513
22.2421513
22.2421207
22.2421818
22.2420597
22.2422733
22.2421818
22.2420597
22.2419987
22.2421818
22.2421207
22.2422733
22.2420902
22.2419376
22.2419376
22.2423954
22.2423038
22.2422428
22.2420597
22.2420597
22.2421513
22.2420597
22.2421818
22.2420597
22.2421513
22.2419376
22.2421818
22.2421513
22.2419987
22.2419376
22.2420902
22.2421818
22.2419376
22.2419987
22.2420902
22.2421513
22.2418766
22.2419376
22.2418766
22.2419682
22.2419376
22.2420597
22.241724
22.241724
22.241724
22.2417545
22.2418156
22.2418156
22.2419682
22.2419376
22.2420597
22.2418766
22.2419682
22.2419987
22.2417545
22.2418766
22.2416325
22.2419376
22.2416325
22.2419682
22.2419682
22.2418156
22.2418156
22.2415714
22.2416935
22.2416325
22.2418766
22.2415104
22.2415714
22.2415104
22.2416935
22.2416325
22.2417545
22.2416325
22.241724
22.2416325
22.2415714
22.2416325
22.2413883
22.2413273
22.2415104
22.2414188
22.2414188
22.2414494
22.2413883
22.2415714
22.2412663
22.2413883
22.2414188
22.2415409
22.2414188
22.2414188
22.2413273
22.2412663
22.2411137
22.2412052
22.2414494
22.2412663
22.2413273
22.2412052
22.2412663
22.2410831
22.2413883
22.2412052
22.2412968
22.2411442
22.2411747
22.2410831
22.2413883
22.2410831
22.2411137
22.2411137
22.2412968
22.2412968
22.2408695
22.2410221
22.2410221
22.2408695
22.2411442
22.2406559
22.2407475
22.2409611
22.2407169
22.2409611
22.2409
22.240778
22.240778
22.2409
22.2407475
22.240778
22.2408695
22.2409611
22.240839
22.2409
22.240839
22.2405643
22.2408695
22.2409611
22.2408695
22.240839
22.2410221
22.2407169
22.2408695
22.2405949
22.240839
22.2405643
22.2409611
22.2405949
22.240778
22.240839
22.2405643
22.2407169
22.2403507
22.2407475
22.2409
22.2403507
22.2403507
22.2406559
22.2405949
22.2405949
22.2404423
22.2405949
22.240839
22.2405338
22.2402897
22.2408695
22.2406559
22.2404728
22.2405643
22.2406559
22.2405643
22.2405643
22.2404118
22.2404728
22.2404728
22.2407169
22.2406559
22.2403202
22.2404118
22.2405949
22.2404728
22.2404728
22.2402897
22.2406559
22.2405949
22.2404728
22.2401981
22.2403507
22.2405949
22.2405949
22.2405338
22.2405949
22.2403507
22.2405338
22.2406559
22.2404728
22.2404728
22.2402897
22.2407169
22.2401371
22.2403202
22.2406559
22.2407169
22.2403202
22.2403202
22.2404118
22.2407475
22.2404728
22.2405338
22.2402897
22.2404423
22.2404423
22.2405643
22.2403202
22.2403202
22.2405643
22.2406559
22.2404118
22.2402897
22.2405338
22.2403507
22.2403507
22.2405338
22.2404728
22.2404728
22.2405949
22.2404423
22.2404118
22.2405643
22.2405643
22.2406559
22.2407169
22.2404423
22.2407475
22.2403507
22.2403202
22.2404118
22.2403202
22.2405643
22.2403202
22.2407169
22.2404728
22.2404728
22.2405643
22.2404423
22.2404728
22.2404423
22.2404118
22.2404728
22.2404423
22.2405643
22.2405338
22.2406559
22.2401981
22.2403202
22.2405949
22.2404728
22.2403202
22.2405338
22.2403507
22.2404728
22.2403202
22.2405338
22.2405949
22.2405949
22.2403202
22.2402287
22.2401676
22.2403507
22.2404728
22.2405338
22.2405643
22.2402897
22.2404423
22.2404118
22.2404728
22.2402287
22.2402897
22.2404423
22.2406559
22.2403507
22.2403202
22.2402897
22.2404118
22.2401676
22.2404423
22.2402287
22.2402897
22.2403202
22.2400455
22.2403202
22.2400455
22.2403202
22.240015
22.2399845
22.239893
22.2400455
22.2401981
22.2401066
22.2398624
22.2401676
22.239893
22.2402287
22.239893
22.2401066
22.2399845
22.2398014
22.2401676
22.2399235
22.2399235
22.2403507
22.2401371
22.2399845
22.2401066
22.2398624
22.2398014
22.2396183
22.2397709
22.239893
22.2397099
22.2398014
22.2393742
22.2399235
22.2399235
22.2398624
22.239893
22.2397099
22.2397404
22.2398624
22.2396793
22.2395878
22.2399235
22.2396183
22.2396183
22.2395573
22.2397404
22.2395878
22.239893
22.2396183
22.239893
22.2397404
22.2397099
22.2397709
22.2394352
22.2394352
22.2394352
22.2397709
22.2394352
22.2394657
22.2392216
22.2397099
22.2393742
22.2396793
22.2395878
22.2393131
22.2393436
22.2394962
22.2390385
22.2394962
22.23913
22.2392216
22.2394352
22.2391911
22.2391911
22.2393131
22.2394962
22.2393742
22.2393131
22.2394657
22.2392521
22.2393131
22.23913
22.2392521
22.2392521
22.2390385
22.2391911
22.2394352
22.2390079
22.23913
22.2390079
22.2392216
22.2389469
22.2390385
22.239069
22.2391911
22.2388859
22.23913
22.2392521
22.23913
22.2391605
22.2391911
22.2392521
22.2392216
22.2391911
22.2388859
22.2391605
22.2390385
22.2388248
22.2389469
22.2389164
22.2390385
22.2389469
22.2389164
22.2389164
22.2391911
22.2391605
22.2389164
22.2388248
22.23913
22.2390079
22.2389469
22.2389469
22.2389164
22.2387638
22.2389164
22.2388859
22.23913
22.2390385
22.2388859
22.239069
22.2389164
22.2387028
22.2388859
22.2388248
22.2387028
22.2388859
22.2387028
22.2385807
22.2388859
22.2390385
22.2387943
22.2387943
22.2390079
22.2390079
22.2385807
22.2388248
22.2387028
22.2387943
22.2387028
22.2387028
22.2387943
22.2387028
22.23913
22.2388859
22.2387943
22.2387028
22.2387028
22.2389164
22.2386112
22.2387943
22.2386112
22.2387028
22.2386112
22.2387943
22.2385807
22.2387028
22.2385197
22.2385197
22.2384586
22.2385807
22.2386112
22.2385807
22.2384892
22.2387028
22.2386112
22.2386112
22.2387638
22.2385807
22.2384586
22.2384892
22.2384586
22.2385807
22.2383671
22.2387943
22.2385197
22.2384892
22.2387028
22.2386112
22.2387028
22.2387028
22.2384586
22.2384586
22.2386112
22.2382755
22.2385807
22.2385807
22.2383976
22.2383366
22.2388859
22.2382755
22.2386112
22.2383671
22.238245
22.2386417
22.2383366
22.2385807
22.2384586
22.2384892
22.2384892
22.238184
22.2384892
22.2382755
22.2383366
22.2382145
22.2386112
22.2384892
22.2384586
22.2383671
22.2383976
22.2383976
22.2381535
22.2384892
22.2383671
22.2383976
22.2384586
22.2381535
22.2383366
22.2383976
22.2383976
22.2383366
22.2383976
22.2383671
22.2385807
22.2383976
22.2383366
22.2384892
22.2384892
22.2383366
22.2382755
22.2383976
22.2383366
22.2382145
22.2385197
22.2381535
22.2386112
22.2383366
22.2383976
22.2383671
22.2383366
22.2383366
22.2383366
22.2383366
22.2383976
22.238245
22.2386417
22.2383671
22.2386417
22.2383976
22.2383366
22.2385807
22.2383671
22.2386417
22.2385197
22.2383366
22.2385807
22.2386112
22.2385807
22.2387028
22.2386112
22.2385197
22.2385807
22.2383671
22.2383366
22.2386112
22.2386112
22.2384892
22.2383671
22.2385197
22.2385807
22.2383976
22.2387028
22.2388859
22.2385807
22.2385197
22.2385197
22.2385807
22.2384892
22.2387943
22.2385197
22.2388248
22.2385807
22.2386417
22.2389164
22.2387028
22.2387028
22.2386112
22.2384892
22.2386112
22.2385807
22.2389164
22.2386112
22.2387638
22.2387943
22.2387028
22.2387943
22.2387028
22.2386417
22.2387028
22.2387943
22.2387028
22.2388859
22.2385197
22.2387028
22.2386112
22.2385807
22.2386112
22.2387943
22.2388859
22.2388859
22.2385197
22.2387028
22.2387028
22.2389164
22.2388248
22.2388248
22.2390079
22.2387943
22.2388859
22.2387028
22.239069
22.2387028
22.2388248
22.2389164
22.2389164
22.2390385
22.2387638
22.2388859
22.2389469
22.2389469
22.2390079
22.2389469
22.239069
22.2390385
22.2389469
22.23913
22.2389469
22.2388248
22.2389469
22.2391911
22.23913
22.23913
22.2390079
22.2392216
22.2391605
22.2393131
22.2391605
22.2389469
22.2390385
22.2391605
22.2391605
22.23913
22.2392521
22.2391911
22.2393742
22.2392521
22.23913
22.2393131
22.2392216
22.2394962
22.2392216
22.2393436
22.2393742
22.2393131
22.2393131
22.2395573
22.2393131
22.2394962
22.2394352
22.2395878
22.2394657
22.2393742
22.2393436
22.2392521
22.2396793
22.2395573
22.2393742
22.2393742
22.2397404
22.2395878
22.2394352
22.2393436
22.2395573
22.2396793
22.2395878
22.2397404
22.239893
22.2398014
22.2398014
22.2397099
22.2397709
22.2397709
22.2396793
22.2398014
22.2397404
22.2395878
22.239893
22.2397709
22.2398014
22.2397709
22.239893
22.2396183
22.2397404
22.2397099
22.2394962
22.2396183
22.2399845
22.2396183
22.239893
22.239893
22.2400455
22.2398014
22.2400455
22.2397709
22.2398624
22.2397709
22.2400455
22.2399235
22.2399845
22.2403202
22.2399845
22.2401676
22.2398624
22.2404118
22.2401981
22.2402287
22.2402897
22.2402287
22.2401066
22.2399845
22.2400455
22.2401676
22.2401371
22.2401371
22.2401066
22.2400455
22.2401981
22.2400455
22.2403507
22.2400455
22.2403202
22.2404118
22.2401981
22.2403202
22.2401066
22.2401676
22.2401066
22.2401981
22.2404118
22.2404728
22.2403202
22.2401981
22.2405643
22.2401371
22.2403202
22.2404118
22.2403507
22.2403507
22.2404423
22.2403202
22.2402287
22.2403507
22.2404423
22.2401371
22.2403202
22.2404118
22.2403507
22.2403507
22.2405338
22.2404118
22.2404728
22.2401676
22.2405338
22.2402287
22.240015
22.2404118
22.2402897
22.240015
22.2404728
22.2404423
22.2401371
22.2403507
22.2402287
22.2404423
22.2404118
22.2403202
22.2403507
22.2402287
22.2405338
22.2403202
22.2405643
22.2404423
22.2402897
22.2403202
22.2402287
22.2402897
22.2404118
22.2402287
22.2401066
22.2401981
22.2401676
22.2404118
22.2402287
22.2401066
22.2402287
22.2401981
22.239893
22.2402287
22.240015
22.2404423
22.2401676
22.2401981
22.2403507
22.2403202
22.2402897
22.2405338
22.2399235
22.2405338
22.2400455
22.2404118
22.2401981
22.2402287
22.2401066
22.2402897
22.2401981
22.240015
22.2401981
22.2400455
22.2403202
22.2401981
22.2401981
22.2401371
22.2402287
22.2402897
22.2401676
22.240015
22.2402897
22.2401676
22.2401981
22.2401066
22.240015
22.240015
22.2401676
22.240015
22.2398624
22.2400455
22.2399235
22.2401981
22.2398014
22.2401371
22.2398014
22.2397709
22.239893
22.2399845
22.2399845
22.2397709
22.2398014
22.2397709
22.2395573
22.239893
22.2397709
22.2396183
22.2394962
22.2396793
22.2396793
22.2397709
22.2398624
22.2393742
22.2394962
22.2396183
22.2392521
22.2394657
22.2393742
22.2395573
22.2392521
22.2391911
22.2393131
22.2394657
22.2393131
22.23913
22.2393131
22.2391605
22.2391605
22.2391911
22.239069
22.2389164
22.239069
22.2388859
22.2388859
22.239069
22.23913
22.2388859
22.2388248
22.2387028
22.2386112
22.2385807
22.2387028
22.2387638
22.2387638
22.2384586
22.2387943
22.2385807
22.2384586
22.2385807
22.2383976
22.2384586
22.2384586
22.238184
22.2383976
22.2383366
22.2382755
22.2382755
22.2382145
22.2382145
22.2380619
22.2380619
22.2379093
22.2380314
22.2378178
22.2378178
22.2379398
22.2378178
22.2380314
22.2376957
22.2378178
22.2377262
22.2376957
22.2379093
22.2375126
22.2375736
22.2375126
22.2374516
22.2375736
22.23736
22.2371769
22.2372684
22.2373905
22.2369633
22.2370853
22.2370548
22.2370548
22.2369022
22.2370853
22.2372684
22.2368107
22.2371769
22.2367802
22.2369633
22.2367802
22.2368412
22.2367496
22.2365055
22.2368412
22.2366581
22.236475
22.2368107
22.2366276
22.236475
22.2362309
22.236414
22.236414
22.2363834
22.2362919
22.2362919
22.2362919
22.2362003
22.2361698
22.2362309
22.2361698
22.2360783
22.2359257
22.2360783
22.2358646
22.2357426
22.2359257
22.2358646
22.2359867
22.2356205
22.2357731
22.2358646
22.2357426
22.2354374
22.2355289
22.2354069
22.2356205
22.2352543
22.2354069
22.2352238
22.2351322
22.2351322
22.2353153
22.2350712
22.2351322
22.2351322
22.2351933
22.2348881
22.234827
22.234766
22.234827
22.2348881
22.234827
22.2345829
22.2344608
22.2348881
22.2342472
22.2345219
22.2344303
22.2340946
22.2342167
22.2340336
22.2339115
22.2341557
22.2341251
22.2337284
22.2340336
22.2339725
22.2336063
22.2336979
22.2335453
22.2336674
22.2336674
22.2336674
22.2334843
22.2333927
22.2333927
22.2333927
22.2335758
22.2333927
22.2331791
22.2330265
22.2333012
22.2331181
22.2331486
22.232935
22.2328434
22.2327518
22.2325077
22.2325077
22.2328434
22.2324467
22.2324772
22.232172
22.2323246
22.2323246
22.2325687
22.2323246
22.2322941
22.2320499
22.2320805
22.2318974
22.2320805
22.2318363
22.2319584
22.2318974
22.2315922
22.2314701
22.2316227
22.2314701
22.231348
22.2315922
22.231287
22.2311649
22.2309513
22.2309818
22.231226
22.2309513
22.2309818
22.2311649
22.2310123
22.2306461
22.2309513
22.2308598
22.230402
22.2305241
22.2305241
22.2304325
22.230402
22.2300968
22.2301579
22.2303104
22.2301579
22.2300968
22.2300358
22.2299747
22.2298832
22.2299747
22.2296696
22.2297916
22.2296391
22.2294865
22.2292118
22.2298832
22.2294865
22.2293034
22.2294559
22.2290592
22.2291813
